# Camera list with one line of data per camera:
#   CAMERA_ID, MODEL, WIDTH, HEIGHT, PARAMS[]
# Number of cameras: 99
1 PINHOLE 694 1235 1104.5257656469028 1104.5257656469028 347 617.5
2 PINHOLE 695 1237 1102.1612102176912 1102.1612102176912 347.5 618.5
3 PINHOLE 696 1238 1091.5676135020633 1091.5676135020633 348 619
4 PINHOLE 691 1229 1096.0122990144102 1096.0122990144102 345.5 614.5
5 PINHOLE 684 1218 1096.5636133734654 1096.5636133734654 342 609
6 PINHOLE 688 1224 1097.507788175637 1097.507788175637 344 612
7 PINHOLE 701 1247 1071.759519251784 1071.759519251784 350.5 623.5
8 PINHOLE 691 1230 1083.8053415639811 1083.8053415639811 345.5 615
9 PINHOLE 685 1220 1110.5793346781945 1110.5793346781945 342.5 610
10 PINHOLE 690 1227 1118.0326728699513 1118.0326728699513 345 613.5
11 PINHOLE 697 1241 1122.4473217712082 1122.4473217712082 348.5 620.5
12 PINHOLE 690 1228 1109.9685705614957 1109.9685705614957 345 614
13 PINHOLE 681 1212 1089.0432839731461 1089.0432839731461 340.5 606
14 PINHOLE 693 1234 1118.8168238779974 1118.8168238779974 346.5 617
15 PINHOLE 690 1227 1098.5601072424647 1098.5601072424647 345 613.5
16 PINHOLE 698 1242 1120.3758578518716 1120.3758578518716 349 621
17 PINHOLE 697 1239 1115.6198380739615 1115.6198380739615 348.5 619.5
18 PINHOLE 697 1239 1072.2176605783773 1072.2176605783773 348.5 619.5
19 PINHOLE 704 1252 1130.6304995465919 1130.6304995465919 352 626
20 PINHOLE 703 1251 1129.6014266332404 1129.6014266332404 351.5 625.5
21 PINHOLE 705 1255 1131.1235005243191 1131.1235005243191 352.5 627.5
22 PINHOLE 709 1262 1142.5248831457377 1142.5248831457377 354.5 631
23 PINHOLE 705 1254 1132.3239558391772 1132.3239558391772 352.5 627
24 PINHOLE 711 1265 1139.6828756446969 1139.6828756446969 355.5 632.5
25 PINHOLE 708 1259 1126.1790148495481 1126.1790148495481 354 629.5
26 PINHOLE 708 1259 1127.1769965960318 1127.1769965960318 354 629.5
27 PINHOLE 708 1259 1119.316375891176 1119.316375891176 354 629.5
28 PINHOLE 709 1262 1134.8240534322251 1134.8240534322251 354.5 631
29 PINHOLE 696 1238 1080.6278931161037 1080.6278931161037 348 619
30 PINHOLE 707 1258 1105.6209472602984 1105.6209472602984 353.5 629
31 PINHOLE 707 1259 1132.3338008729752 1132.3338008729752 353.5 629.5
32 PINHOLE 718 1277 1161.0256639246547 1161.0256639246547 359 638.5
33 PINHOLE 715 1272 1149.6999369622877 1149.6999369622877 357.5 636
34 PINHOLE 710 1264 1118.7072274302309 1118.7072274302309 355 632
35 PINHOLE 714 1271 1146.3423047442923 1146.3423047442923 357 635.5
36 PINHOLE 717 1275 1173.8576289361717 1173.8576289361717 358.5 637.5
37 PINHOLE 718 1278 1156.2266153491175 1156.2266153491175 359 639
38 PINHOLE 711 1266 1154.6137263714027 1154.6137263714027 355.5 633
39 PINHOLE 708 1260 1142.0651688909816 1142.0651688909816 354 630
40 PINHOLE 690 1227 1092.6950892527991 1092.6950892527991 345 613.5
41 PINHOLE 707 1258 1132.3623855066564 1132.3623855066564 353.5 629
42 PINHOLE 719 1279 1116.9668191762332 1116.9668191762332 359.5 639.5
43 PINHOLE 716 1274 1128.6712282014405 1128.6712282014405 358 637
44 PINHOLE 718 1278 1124.9228617140081 1124.9228617140081 359 639
45 PINHOLE 717 1275 1135.4358165323631 1135.4358165323631 358.5 637.5
46 PINHOLE 708 1261 1147.7058909560551 1147.7058909560551 354 630.5
47 PINHOLE 713 1269 1133.5990252268041 1133.5990252268041 356.5 634.5
48 PINHOLE 716 1274 1123.6915033623027 1123.6915033623027 358 637
49 PINHOLE 713 1269 1135.0507528552771 1135.0507528552771 356.5 634.5
50 PINHOLE 716 1275 1135.3272069485852 1135.3272069485852 358 637.5
51 PINHOLE 693 1232 1098.1889743227437 1098.1889743227437 346.5 616
52 PINHOLE 715 1272 1134.7070778347888 1134.7070778347888 357.5 636
53 PINHOLE 712 1267 1118.2556453131751 1118.2556453131751 356 633.5
54 PINHOLE 714 1271 1122.4952301227918 1122.4952301227918 357 635.5
55 PINHOLE 715 1272 1127.2999462613504 1127.2999462613504 357.5 636
56 PINHOLE 719 1279 1138.358753052571 1138.358753052571 359.5 639.5
57 PINHOLE 719 1279 1117.083881430158 1117.083881430158 359.5 639.5
58 PINHOLE 713 1268 1107.4624763643787 1107.4624763643787 356.5 634
59 PINHOLE 719 1283 1112.6272113725308 1112.6272113725308 359.5 641.5
60 PINHOLE 719 1284 1101.9436206578689 1101.9436206578689 359.5 642
61 PINHOLE 719 1283 1098.2648568055536 1098.2648568055536 359.5 641.5
62 PINHOLE 701 1247 1075.4811314436458 1075.4811314436458 350.5 623.5
63 PINHOLE 719 1281 1101.5309952796699 1101.5309952796699 359.5 640.5
64 PINHOLE 711 1266 1104.5494919110984 1104.5494919110984 355.5 633
65 PINHOLE 701 1247 1081.6443882969859 1081.6443882969859 350.5 623.5
66 PINHOLE 699 1243 1101.7567818455352 1101.7567818455352 349.5 621.5
67 PINHOLE 697 1240 1043.070011817365 1043.070011817365 348.5 620
68 PINHOLE 701 1247 1075.414007941009 1075.414007941009 350.5 623.5
69 PINHOLE 700 1246 1068.6523331365065 1068.6523331365065 350 623
70 PINHOLE 696 1238 1077.7223216645277 1077.7223216645277 348 619
71 PINHOLE 697 1240 1070.3682568894023 1070.3682568894023 348.5 620
72 PINHOLE 687 1222 1082.0225325894512 1082.0225325894512 343.5 611
73 PINHOLE 698 1242 1090.4731198318239 1090.4731198318239 349 621
74 PINHOLE 697 1239 1075.1353736533856 1075.1353736533856 348.5 619.5
75 PINHOLE 694 1235 1070.8067567275768 1070.8067567275768 347 617.5
76 PINHOLE 663 1179 1042.2316908659382 1042.2316908659382 331.5 589.5
77 PINHOLE 701 1247 1082.7142239905165 1082.7142239905165 350.5 623.5
78 PINHOLE 702 1250 1076.2218010286958 1076.2218010286958 351 625
79 PINHOLE 658 1171 1060.5227820484192 1060.5227820484192 329 585.5
80 PINHOLE 730 1353 880.97541733105027 880.97541733105027 365 676.5
81 PINHOLE 746 1498 312.50924775330731 312.50924775330731 373 749
82 PINHOLE 671 1193 776.74587882358696 776.74587882358696 335.5 596.5
83 PINHOLE 699 1244 1080.5231958975742 1080.5231958975742 349.5 622
84 PINHOLE 719 1284 743.55332391092702 743.55332391092702 359.5 642
85 PINHOLE 715 1272 1073.1481708065132 1073.1481708065132 357.5 636
86 PINHOLE 759 2560 311.34230348867715 311.34230348867715 379.5 1280
87 PINHOLE 691 1229 1058.7418479507489 1058.7418479507489 345.5 614.5
88 PINHOLE 695 1237 1034.5180268305771 1034.5180268305771 347.5 618.5
89 PINHOLE 704 1253 1036.1660774071788 1036.1660774071788 352 626.5
90 PINHOLE 695 1237 1035.669053580687 1035.669053580687 347.5 618.5
91 PINHOLE 691 1229 1040.977068134081 1040.977068134081 345.5 614.5
92 PINHOLE 685 1219 1060.5897817101857 1060.5897817101857 342.5 609.5
93 PINHOLE 687 1222 1053.3045854388472 1053.3045854388472 343.5 611
94 PINHOLE 679 1208 1032.5245740728183 1032.5245740728183 339.5 604
95 PINHOLE 679 1208 1066.9519686247822 1066.9519686247822 339.5 604
96 PINHOLE 693 1233 1101.3672592887342 1101.3672592887342 346.5 616.5
97 PINHOLE 680 1210 1078.8884132618218 1078.8884132618218 340 605
98 PINHOLE 691 1230 1092.8951191995409 1092.8951191995409 345.5 615
99 PINHOLE 687 1222 1095.9878469640771 1095.9878469640771 343.5 611
