# Frame list with one line of data per frame:
#   FRAME_ID, RIG_ID, RIG_FROM_WORLD[QW, QX, QY, QZ, TX, TY, TZ], NUM_DATA_IDS, DATA_IDS[] as (SENSOR_TYPE, SENSOR_ID, DATA_ID)
# Number of frames: 99
1 1 0.7090326670250614 0.039435217768507461 -0.46436526941771755 -0.52922815235915932 0.19017818840914089 -2.4434891487570538 2.9783781175681447 1 CAMERA 1 1
2 2 0.72692421027062348 0.038409069526149357 -0.45415308923565106 -0.51366419715440625 0.32774632229658557 -2.3162870944405465 2.8921727773338084 1 CAMERA 2 2
3 3 0.75010759392221171 0.03642128274020727 -0.43833616149456983 -0.49383549612193189 0.53416812242602663 -2.3639359493256418 2.7031214867531643 1 CAMERA 3 3
4 4 0.78005502834929874 0.031303016472308931 -0.41526452953163984 -0.46700068995620853 0.59943149180041166 -2.5351099718017824 2.549445054306835 1 CAMERA 4 4
5 5 -0.45871279664821452 -0.012597044864081995 0.53678506951822191 0.70801530618637332 0.36951907549988561 -2.7736545791837686 3.0375008397886329 1 CAMERA 5 5
6 6 0.81107403130712841 0.026334438784782775 -0.38826313087844178 -0.4367117519297643 0.53224552398042324 -2.5569440256090989 2.5345233593145902 1 CAMERA 6 6
7 7 0.83548986406782055 0.023972475072401602 -0.36642189788942647 -0.40879946211553225 0.45336221227517176 -2.445415296169847 2.5180688260981059 1 CAMERA 7 7
8 8 0.85252950907448877 0.023677225739402223 -0.35080358720952387 -0.38674237980783355 0.28390643993314008 -2.4228089167307578 2.3763908354760352 1 CAMERA 8 8
9 9 0.8642134909333774 0.024809133693069991 -0.33941625552099253 -0.37056194416352706 0.28903459148389471 -2.3090714207245595 2.3000320790076612 1 CAMERA 9 9
10 10 0.87703281265111277 0.026891939955817342 -0.32345317328079543 -0.35421506714604162 0.30424587721696511 -2.2178989476710522 2.2191694643635387 1 CAMERA 10 10
11 11 0.89689060369057716 0.029054823028819003 -0.29637946030478707 -0.32695913778293345 0.39695948418147436 -2.2784912544438822 2.0351014744736791 1 CAMERA 11 11
12 12 0.92076649133498845 0.02873325416302492 -0.26140876449214234 -0.28814740392123833 0.40307953367655963 -2.41315272227249 2.0098493410851912 1 CAMERA 12 12
13 13 0.94044338311562614 0.027994539572386658 -0.22896617241370804 -0.2497139179108406 0.29043016579046821 -2.5195976689147632 2.0597607404764537 1 CAMERA 13 13
14 14 0.95501768437014634 0.027749925574947706 -0.20174102661421248 -0.21557300932981358 0.23429725057447945 -2.6158987431874587 2.1565474781432181 1 CAMERA 14 14
15 15 0.9652431270927736 0.028682204662136827 -0.18018023939147862 -0.18713128564917389 0.20893009017611364 -2.677240664205168 2.0894284620857033 1 CAMERA 15 15
16 16 -0.48189920939459358 -0.017316216828543011 0.52376116620518287 0.7022446449742421 0.417375707891605 -2.8934670944704397 2.9442329574933686 1 CAMERA 16 16
17 17 0.97268701710720185 0.029185969182636013 -0.16099435627777842 -0.16464799786413473 0.2788250761940308 -2.6374054994009271 2.036055045011739 1 CAMERA 17 17
18 18 0.97973535090360508 0.02778014123254717 -0.13974440742695962 -0.14077786237820786 0.31029031700429011 -2.6114016645720506 2.0077352292643385 1 CAMERA 18 18
19 19 0.98753182917329541 0.024185963330639375 -0.11022295508585446 -0.10975803259696336 0.30856730140533334 -2.7059373713409913 1.9205686188393256 1 CAMERA 19 19
20 20 0.99416984420093479 0.019037333653520214 -0.07672624372718484 -0.073327923278723006 0.31223135837000687 -2.7888380276731199 1.8952665389652212 1 CAMERA 20 20
21 21 0.99788842723131099 0.014325004365625562 -0.048643966181253544 -0.040586273565118638 0.27158808682592628 -2.8287817011805068 2.0165804900119215 1 CAMERA 21 21
22 22 0.99948072506653929 0.011531613957826946 -0.026194451357210113 -0.01480381093121998 0.24234952564867812 -2.8405708353578545 2.2117440328656222 1 CAMERA 22 22
23 23 0.99988644646571534 0.0099722682723216508 -0.0095941951743286243 0.0059665281886707808 0.29541672437417471 -2.872327917624427 2.2163154309035238 1 CAMERA 23 23
24 24 0.99975616754819852 0.0082796029491515391 0.004485898193997878 0.019973240641818803 0.41765184645915965 -2.8220000803220855 2.2327802599237385 1 CAMERA 24 24
25 25 0.99921793316506236 0.007602008899808616 0.016956901280025829 0.034902650343602071 0.39906629983516739 -2.7350652188146345 2.2542692155986597 1 CAMERA 25 25
26 26 0.99797814198757862 0.0068166308101912142 0.034321476299560325 0.053058438763655506 0.37770993177256562 -3.0030843790509087 2.0955540424567691 1 CAMERA 26 26
27 27 -0.50240055975125897 -0.019608110588658686 0.51726846624398637 0.69256229567480676 0.45106677802558448 -2.8519221007241069 3.0200563832174137 1 CAMERA 27 27
28 28 0.99592719994538792 0.0055380190412788631 0.055283756350915078 0.071007387205630768 0.30208995306567138 -3.2727314022223633 2.0222813542281122 1 CAMERA 28 28
29 29 0.99332361080150811 0.0062236415601385773 0.073914070161599094 0.088352593296016274 0.22067513939260774 -3.3431293027150568 1.9351992394115776 1 CAMERA 29 29
30 30 0.99040888884617306 0.0064718605518165329 0.089846169631906239 0.10476647229892549 0.147603723369367 -3.3694877506762997 1.9261718893070694 1 CAMERA 30 30
31 31 0.9871793043518069 0.0063700963002007718 0.10430568494266344 0.12065142776300104 0.091341148726535412 -3.4133029181398888 1.9684842071312685 1 CAMERA 31 31
32 32 0.98355486134596415 0.0055405227658068016 0.11866110710343579 0.13604660595248161 0.092114265058510031 -3.4565809708035635 2.0120835650054398 1 CAMERA 32 32
33 33 0.97925857347306011 0.0037054418327189106 0.13405013411685762 0.15188639676937565 0.075852546147817085 -3.4672622918019083 2.1288074673360216 1 CAMERA 33 33
34 34 0.97389971275903187 0.0015364895535887721 0.15102677696754943 0.16943406188402979 0.057153922512848669 -3.4822455639708512 2.2991812884930032 1 CAMERA 34 34
35 35 0.96733643490087096 -5.4888713259681508e-05 0.16893709480220273 0.18899861560417244 0.0018688807069144756 -3.4474555752322424 2.5045902919323115 1 CAMERA 35 35
36 36 0.96007300377887739 -0.00013108739031515999 0.18546565377789204 0.20943328651348378 0.041128460414800422 -3.5043947666643183 2.6264082076222919 1 CAMERA 36 36
37 37 0.95268885734389719 0.0026025921144455268 0.19922663770840221 0.22953412477117779 0.13792387194921998 -3.4432074873928662 2.6596165397494622 1 CAMERA 37 37
38 38 0.51646726081707273 0.018130759438593089 -0.51961965970175805 -0.68038831068568406 0.41438856142879443 -2.8462113183042392 3.1500054947284659 1 CAMERA 38 38
39 39 0.94498429445891341 0.0092193664776786029 0.21117259103897218 0.24965140356430379 0.30080562667150451 -3.426828713730973 2.4451709857253543 1 CAMERA 39 39
40 40 0.93653951780795475 0.015654101045185661 0.22111350340692223 0.27158331928825785 0.50728356013410936 -3.4004091814246165 2.2631458708121008 1 CAMERA 40 40
41 41 0.92474825306330621 0.01884011470641191 0.23367706503234081 0.29980118047146476 0.54706977494913467 -3.3210933834343681 2.1812364884406263 1 CAMERA 41 41
42 42 0.91129038632431036 0.020416072416037146 0.24890784273881408 0.32738036227468253 0.44270967463661476 -3.437601423177409 2.1748167930982558 1 CAMERA 42 42
43 43 0.8970943225829513 0.021361445434471164 0.26537087285505512 0.35262411272987559 0.40894473088505917 -3.5859418835830823 2.1645502230212372 1 CAMERA 43 43
44 44 0.88249736290041614 0.021908189840348462 0.28244623880077319 0.37542317173960787 0.42488954455947092 -3.7270206872032268 2.1175967234185653 1 CAMERA 44 44
45 45 0.86717131582813445 0.020866057008549821 0.29926237136588563 0.39751798670536242 0.46958216016242105 -3.7085261888680741 2.1885093438396672 1 CAMERA 45 45
46 46 0.85054263701205934 0.018786928183567361 0.31559792772095968 0.4202644667019016 0.40785092030403008 -3.5778778973596208 2.3545688300723864 1 CAMERA 46 46
47 47 0.83210001661112998 0.017772515040941329 0.33090399604254794 0.44474289816471502 0.3258203769932565 -3.4221498481525052 2.2552277721063709 1 CAMERA 47 47
48 48 0.81043185849961363 0.01769441727745755 0.34850027081072193 0.4705684557754875 0.42706669682831266 -3.2819466734318783 2.1048231164520614 1 CAMERA 48 48
49 49 0.52600255648135097 0.016433666866957752 -0.52750292916816666 -0.66692721108633235 0.30797282951942484 -2.7859880710725524 3.2710655100297101 1 CAMERA 49 49
50 50 0.78336872368381461 0.017167467921926974 0.36966546294253999 0.49938578905152914 0.59273610550627198 -3.2375948608445961 1.9114019485838467 1 CAMERA 50 50
51 51 0.75386528896508975 0.015175278379205842 0.39108583256317925 0.52773924298659125 0.65801094054492015 -3.2955385317230412 1.8654638521164222 1 CAMERA 51 51
52 52 0.72459737624321541 0.010538359511718793 0.410477183103788 0.55349441503183139 0.77401336028865098 -3.3263012375212115 1.9375436751641781 1 CAMERA 52 52
53 53 0.70003368040135738 0.0037377143628699989 0.42487064211731063 0.57395453936866458 0.73104707974764616 -3.3256124198001373 2.1624468724509276 1 CAMERA 53 53
54 54 0.68350052194958344 0.00048389159693278041 0.43191051851225232 0.58845569615906246 0.54960642206770527 -3.4390628670510295 2.1385097150042678 1 CAMERA 54 54
55 55 0.6665328641734326 0.00095166699739318225 0.43874878052784871 0.60268776567308247 0.56036211955813309 -3.241550992887916 2.1404411673814479 1 CAMERA 55 55
56 56 0.64163607035470283 0.0028319870205984103 0.44931132259884338 0.62162244847959625 0.59331135266497181 -3.0896258959257303 2.1655800258132363 1 CAMERA 56 56
57 57 0.6044179336001867 0.0038955436892379762 0.46706865456954494 0.64537636941589416 0.70079949711607958 -3.2029395676431642 2.0595981632137974 1 CAMERA 57 57
58 58 0.56229865721296846 0.003254492231968806 0.48783147550193651 0.66770508451441968 0.77897694644895565 -3.3328485641739984 2.0903477436143181 1 CAMERA 58 58
59 59 0.52451896479824323 0.00045258078554173529 0.50581707790564612 0.68485672548103482 0.65236483810415102 -3.3676606576802715 2.1803647362564487 1 CAMERA 59 59
60 60 0.53458963684509297 0.017917121959594877 -0.5354268657765342 -0.65361377611188232 0.12423493197601876 -2.7643967110628322 3.4805447453532041 1 CAMERA 60 60
61 61 0.49301984867429643 -0.0030358345676124387 0.51894777584339491 0.69829465017916714 0.61186395423422379 -3.2622784568120586 2.2233543220051111 1 CAMERA 61 61
62 62 0.46500412739208824 -0.0057020360143203068 0.52970747631448456 0.70932971024069891 0.68627259613101721 -3.1300689705220983 2.1205875194672603 1 CAMERA 62 62
63 63 0.43301854818943947 -0.006000118743784276 0.53971122730756582 0.7219215515671572 0.74365111934882089 -2.9680058499418256 2.0968946308753798 1 CAMERA 63 63
64 64 0.38940978739260207 -0.0059687710938994172 0.5511209284150711 0.73796349063987399 0.87695607666407127 -2.8982506390333334 1.9507538680293186 1 CAMERA 64 64
65 65 0.34079774636716043 -0.007533953415270335 0.56278836489163797 0.75304009983506037 0.90255075154622388 -2.9682639753670093 1.8594112568457299 1 CAMERA 65 65
66 66 0.2944582765391231 -0.010056078545874991 0.57249450541781588 0.76514262718025272 0.88985643436546402 -3.0031986820687857 1.7347994710110288 1 CAMERA 66 66
67 67 0.25435194958989887 -0.013144708134599574 0.58054665437594444 0.77336788430912462 0.89260472423742176 -2.9421948929733337 1.8093794738685214 1 CAMERA 67 67
68 68 0.22153236485552757 -0.015805823962485831 0.58653009524405375 0.77888127119823947 0.78274414661198932 -2.8210719251467644 1.7990636543344534 1 CAMERA 68 68
69 69 0.1917196888375621 -0.015182268132677489 0.59181123126556145 0.78279788336090705 0.85282740917077948 -2.672102417902082 1.5906310558254142 1 CAMERA 69 69
70 70 0.15457731295603325 -0.014276032834438976 0.59822639728656357 0.78614707707612919 1.0020217783683667 -2.5489869373350635 1.4573579099015512 1 CAMERA 70 70
71 71 0.54408330375742087 0.022609317051985385 -0.53781593066000266 -0.64359630365872056 0.14307736194220275 -2.8219159437478534 3.4483848168787925 1 CAMERA 71 71
72 72 0.10574191139089198 -0.015549575764453576 0.60618812109817222 0.78810711245896903 1.0515567449489405 -2.6173960095026283 1.4150217865617498 1 CAMERA 72 72
73 73 0.053830132769565921 -0.018958050561885317 0.61299508536335812 0.78802280071408681 1.0746512484822219 -2.644276043192038 1.4767548617782824 1 CAMERA 73 73
74 74 0.007647476236910011 -0.022941753190601551 0.61843646732788449 0.78546262033705583 1.0970460532932869 -2.7217570748346231 1.639327665333465 1 CAMERA 74 74
75 75 -0.030950486868612404 -0.025720662956684123 0.62184595361076489 0.78210493211434418 1.1173724282298998 -2.7048632066653928 1.8176892081642968 1 CAMERA 75 75
76 76 -0.063159967048774815 -0.026217409778382085 0.62301997246607066 0.7792108699801914 1.2603755544249446 -2.6135570127105421 1.6989285183231968 1 CAMERA 76 76
77 77 -0.092800488719811669 -0.026131682204438823 0.62405921956580657 0.77540653527904124 1.3374241394566657 -2.3917814926444154 1.7065479190097277 1 CAMERA 77 77
78 78 -0.13028724622127377 -0.028066506900483238 0.62506143146555249 0.76911358820184461 1.3732106263523343 -2.3349688563385915 1.7025858188423508 1 CAMERA 78 78
79 79 -0.44222080689929777 -0.0088543395453288907 0.54409991336826768 0.71296398428615859 0.35600331818150022 -2.7862446467401214 3.0272157841203646 1 CAMERA 79 79
80 80 -0.17385854137883752 -0.026204445131811048 0.62608244326428397 0.75967579195416102 1.2688316325252307 -2.4985982477214135 1.6859523435469901 1 CAMERA 80 80
81 81 -0.20940153369604608 -0.022695341231889057 0.62660113953050334 0.75033787796644424 1.1708798719450917 -2.6593146130563894 1.6483396056783193 1 CAMERA 81 81
82 82 -0.2337448217229989 -0.018331695789329611 0.62700491366437172 0.74289443764770835 1.039736275381794 -2.7439097338633975 1.5841271634724834 1 CAMERA 82 82
83 83 0.55777451896216967 0.025935539118526633 -0.5347770709359716 -0.63421480446950662 0.38599821304153392 -2.8091226779503318 3.4323181982874615 1 CAMERA 83 83
84 84 -0.25051851277122195 -0.016023554565616018 0.62787908105649604 0.73671675698984063 0.92352438050534802 -2.7173515310988008 1.7103951092874641 1 CAMERA 84 84
85 85 -0.26364599747625583 -0.015821544973550313 0.62915115666093147 0.73103302852991014 0.81994667483352679 -2.781325427311268 1.7891179672363577 1 CAMERA 85 85
86 86 -0.27612883450874182 -0.016432233814955847 0.63015490172299993 0.72552577368358939 0.67890110776922119 -2.8430764636176731 1.7828460577033478 1 CAMERA 86 86
87 87 -0.28889215895440368 -0.018074821249820024 0.63133432599331496 0.71946618416296493 0.50390861907478468 -2.8822298085612084 1.8191041606983742 1 CAMERA 87 87
88 88 -0.30310516089310574 -0.01935393426369161 0.63157945301492391 0.71334429359030471 0.33283880255338305 -2.8678589251706583 1.834982818341427 1 CAMERA 88 88
89 89 -0.31827843240131409 -0.017352277686381985 0.63004673401577749 0.70812347149583255 0.31716450506034494 -2.8817612862966642 1.7888974368690296 1 CAMERA 89 89
90 90 -0.32444770833006498 -0.010308096882239506 0.62685849774423641 0.7082907958627408 0.26370203719295171 -2.9131493411163305 1.7468753650138316 1 CAMERA 90 90
91 91 -0.32312646532496386 -0.0041036171459264996 0.62455802399671767 0.7109850366879954 0.21634393799976526 -2.9302300729444974 1.7597098973702998 1 CAMERA 91 91
92 92 -0.32069852798813747 0.00010243526661092273 0.62388162451112572 0.71268798379839171 0.20051530571348364 -2.9616346542671255 1.8012556497696668 1 CAMERA 92 92
93 93 -0.31892520884830966 0.0032351776834590026 0.62502319227419145 0.71247614269236959 0.20059186905559762 -2.998523306940112 1.8731119320650242 1 CAMERA 93 93
94 94 0.5786757165394778 0.031643950296661706 -0.52692394466833437 -0.62167856005519995 0.5504385364765263 -2.7811850392300723 3.3750686236852889 1 CAMERA 94 94
95 95 -0.31868203489081443 0.0059750395927981714 0.62658923645265996 0.71119054289366568 0.17413919303105349 -2.9819649271963722 1.8784924778560259 1 CAMERA 95 95
96 96 0.60611662928472421 0.037067762365916156 -0.51516251592120299 -0.60486047555402767 0.53971214657515298 -2.8335608765428697 3.2581360249188616 1 CAMERA 96 96
97 97 0.63733786988611463 0.040840543529220723 -0.50023360010838558 -0.58472115998642615 0.49435785088611839 -2.7720631549927575 3.2369073068625287 1 CAMERA 97 97
98 98 0.66672372702237026 0.040211140905407693 -0.4856376333748596 -0.56393140099000605 0.41605268035847126 -2.7061922607098343 3.1932920704764487 1 CAMERA 98 98
99 99 0.69045825873259892 0.039632622473197099 -0.47380029177876892 -0.54516963570451904 0.28121840717028862 -2.5610386039716695 3.0987608687099519 1 CAMERA 99 99
